2 0.3609375 0.10566666666666666 0.017093749999999998 0.10741666666666667
2 0.319 0.19116666666666665 0.0201640625 0.12011111111111111
2 0.2948203125 0.18816666666666665 0.018484375 0.11409722222222222
2 0.420984375 0.8572500000000001 0.0191015625 0.12784722222222222
2 0.354984375 0.8678472222222222 0.020499999999999997 0.1386111111111111
2 0.3771875 0.8572777777777778 0.0198671875 0.1375
2 0.440359375 0.8856388888888889 0.014835937499999998 0.12747222222222224
2 0.305890625 0.8920277777777778 0.012390624999999999 0.12358333333333334
1 0.33178125 0.6994722222222223 0.026375 0.07223611111111111
1 0.4671796875 0.13293055555555555 0.035796875 0.050361111111111106
1 0.42040625 0.6833194444444445 0.0127109375 0.048
2 0.4098046875 0.6678333333333333 0.017585937500000003 0.08168055555555556