2 0.339796875 0.10308333333333333 0.0188671875 0.12633333333333333
2 0.3905859375 0.6632083333333333 0.013625000000000002 0.08969444444444444
2 0.40336718749999995 0.8505972222222221 0.0176328125 0.1308888888888889
2 0.42121875 0.8740694444444445 0.0165703125 0.126
2 0.3574140625 0.8517222222222223 0.0182890625 0.12863888888888889
2 0.33480468750000003 0.8594305555555555 0.0161875 0.12375
2 0.284421875 0.8853472222222223 0.0130390625 0.1259861111111111
2 0.2986796875 0.8331527777777777 0.02 0.06218055555555556
2 0.42005468749999997 0.18265277777777778 0.0180546875 0.11136111111111112
2 0.297625 0.18359722222222222 0.017890625 0.1290138888888889
2 0.27438281249999996 0.18434722222222222 0.027195312500000002 0.14402777777777778
1 0.4483125 0.12995833333333331 0.0268359375 0.05252777777777778
1 0.3108359375 0.6904444444444444 0.0331328125 0.06791666666666667
1 0.4011875 0.6830416666666667 0.016960937500000002 0.04570833333333333