2 0.3418828125 0.074875 0.0240703125 0.14975
2 0.39471875 0.6169166666666667 0.0132109375 0.083375
2 0.4042890625 0.8365972222222222 0.02740625 0.16777777777777778
2 0.4260703125 0.8579722222222222 0.022093750000000002 0.15393055555555554
2 0.36478125 0.8177083333333334 0.0263671875 0.1607361111111111
2 0.3404765625 0.8267083333333334 0.0261796875 0.15069444444444444
2 0.2964765625 0.8469444444444444 0.0287109375 0.16159722222222223
1 0.4457109375 0.07673611111111112 0.0278828125 0.07384722222222223
1 0.312921875 0.6381388888888888 0.0248046875 0.068875
1 0.405359375 0.6312083333333334 0.018453125 0.049444444444444444
1 0.396765625 0.940361111111111 0.026257812499999998 0.056652777777777774
1 0.41811718750000004 0.9533333333333333 0.0273046875 0.034430555555555555