2 0.40650000000000003 0.5098611111111111 0.0131953125 0.08043055555555555
2 0.42665625 0.6907361111111111 0.0218046875 0.12776388888888887
2 0.445703125 0.7230972222222222 0.018187500000000002 0.12429166666666666
2 0.381203125 0.6904861111111111 0.019328124999999998 0.12430555555555556
2 0.35812499999999997 0.7048194444444444 0.0232265625 0.1292361111111111
2 0.31503125 0.7359444444444444 0.017125 0.13218055555555555
1 0.331671875 0.5409444444444444 0.0251953125 0.063375
1 0.41811718750000004 0.5229027777777778 0.014812500000000001 0.04395833333333333
1 0.42124218750000003 0.8440972222222223 0.0273125 0.05301388888888889
1 0.41342187499999994 0.9348194444444445 0.0258046875 0.056666666666666664
1 0.4428515625 0.865388888888889 0.0247109375 0.051152777777777776