2 0.43550000000000005 0.683138888888889 0.021851562499999998 0.12413888888888888
2 0.45197656249999996 0.7055 0.023578125 0.12258333333333334
2 0.39025 0.6815972222222222 0.01984375 0.1272222222222222
2 0.3655234375 0.696 0.0241953125 0.13133333333333333
2 0.3230234375 0.7216944444444444 0.0155390625 0.12104166666666667
2 0.41728125 0.5044027777777778 0.0131796875 0.09055555555555556
1 0.3405234375 0.5303055555555556 0.032484374999999996 0.05876388888888889
1 0.4282734375 0.5136388888888889 0.022625 0.04766666666666667
1 0.428265625 0.839013888888889 0.0273671875 0.04838888888888889
1 0.41759375 0.9172222222222222 0.0283515625 0.05481944444444444
1 0.4465 0.8505833333333332 0.023671875000000002 0.05486111111111111