2 0.46065625 0.6757361111111111 0.013726562500000001 0.10912499999999999
2 0.446578125 0.6493194444444444 0.018078125 0.12148611111111111
2 0.40792968749999997 0.6502361111111111 0.0183828125 0.12200000000000001
2 0.3861953125 0.6574444444444445 0.019546875 0.11787500000000001
2 0.3472421875 0.6829166666666666 0.018984375 0.123
2 0.4306640625 0.48706944444444444 0.0137421875 0.07070833333333333
1 0.364734375 0.5117916666666666 0.0253046875 0.06618055555555555
1 0.4420703125 0.49883333333333335 0.01690625 0.051375000000000004
1 0.4420703125 0.7839305555555555 0.0231484375 0.05490277777777778
1 0.43373437499999995 0.853361111111111 0.0226796875 0.049305555555555554
1 0.455609375 0.7908749999999999 0.014828125000000001 0.04101388888888889