2 0.46065625 0.6757361111111111 0.013726562500000001 0.10912499999999999
2 0.446578125 0.6493194444444444 0.018078125 0.12148611111111111
2 0.40792968749999997 0.6502361111111111 0.0183828125 0.12200000000000001
2 0.3861953125 0.6574444444444445 0.019546875 0.11787500000000001
2 0.3472421875 0.6829166666666666 0.018984375 0.123
2 0.4306640625 0.48706944444444444 0.0137421875 0.07070833333333333
1 0.3665625 0.5210555555555556 0.019578125 0.05136111111111111
1 0.4378984375 0.7746805555555555 0.0247578125 0.0475
1 0.4295703125 0.8473333333333334 0.02684375 0.05394444444444445
1 0.4545703125 0.789486111111111 0.029406250000000002 0.03268055555555556
1 0.44363281250000003 0.5145694444444444 0.01378125 0.049513888888888885