2 0.384859375 0.6634861111111111 0.021374999999999998 0.10383333333333335
2 0.40582031250000006 0.6553888888888889 0.01903125 0.12004166666666667
2 0.44372656250000003 0.650513888888889 0.0169765625 0.10865277777777778
2 0.45982031250000005 0.6793888888888889 0.0148671875 0.10222222222222221
2 0.3494609375 0.6817916666666667 0.017921875 0.11023611111111112
2 0.383890625 0.053375 0.020015625000000002 0.10138888888888889
1 0.46992968749999997 0.057305555555555554 0.0268046875 0.04608333333333333
1 0.42878906250000004 0.8459583333333334 0.0278359375 0.045611111111111116
1 0.4386875 0.5108611111111111 0.008046875 0.05322222222222222
1 0.365 0.5247499999999999 0.016453125 0.03654166666666667
1 0.4334765625 0.7774583333333334 0.01903125 0.041944444444444444
1 0.4519609375 0.7880972222222221 0.015867187499999998 0.035458333333333335