2 0.469703125 0.7327916666666667 0.0191796875 0.11823611111111111
2 0.4843984375 0.7511249999999999 0.0198125 0.12225
2 0.4336171875 0.7231666666666666 0.019515625 0.10631944444444444
2 0.4156640625 0.7330833333333334 0.021156249999999998 0.11252777777777777
2 0.3831875 0.7528750000000001 0.0191171875 0.09662499999999999
2 0.416703125 0.14375 0.015484375 0.10343055555555555
1 0.500390625 0.1688472222222222 0.030984374999999998 0.04138888888888889
1 0.39884375 0.6062083333333333 0.0216484375 0.04390277777777778
1 0.46498437499999995 0.5955694444444445 0.014828125000000001 0.02816666666666667
1 0.46419531249999996 0.8496527777777778 0.0179765625 0.04190277777777778
1 0.4550859375 0.9149166666666667 0.021625 0.04463888888888889
1 0.4782578125 0.8616944444444444 0.016398437499999998 0.04375