2 0.41988281250000004 0.7324999999999999 0.01590625 0.12147222222222222
2 0.4399375 0.7160555555555554 0.0195546875 0.10247222222222223
2 0.474703125 0.7209166666666665 0.0187734375 0.10756944444444445
2 0.41949218750000006 0.1343888888888889 0.0229375 0.10583333333333333
2 0.38199218749999997 0.7373611111111111 0.010437499999999999 0.08952777777777778
1 0.5040390625 0.15819444444444444 0.02421875 0.03676388888888889
1 0.4030078125 0.5997361111111111 0.0237265625 0.042055555555555554
1 0.46992968749999997 0.5849166666666666 0.010687499999999999 0.034652777777777775
1 0.47018750000000004 0.8454861111111112 0.020578125 0.05023611111111111
1 0.4636796875 0.9089027777777777 0.0231875 0.03816666666666667
1 0.4839921875 0.8524305555555556 0.0174375 0.036347222222222225