2 0.47490625 0.7225138888888889 0.0191796875 0.11823611111111111
2 0.4924921875 0.7285138888888889 0.0198125 0.12225
2 0.4417109375 0.7098055555555556 0.019515625 0.10631944444444444
2 0.42260156249999997 0.7176666666666667 0.021156249999999998 0.11252777777777777
2 0.390125 0.7410555555555555 0.0237421875 0.12231944444444444
2 0.42190625 0.12422222222222222 0.015484375 0.10343055555555555
1 0.5097578125 0.14431944444444444 0.024734375 0.042333333333333334
1 0.40353125 0.5881666666666667 0.0185234375 0.04669444444444444
1 0.4761796875 0.5779861111111111 0.0143125 0.03744444444444445
1 0.47096875000000005 0.8325277777777778 0.019015625 0.035430555555555555
1 0.4608125 0.8977916666666667 0.0268359375 0.03816666666666667
1 0.4852890625 0.8413194444444444 0.0179609375 0.03636111111111111