2 0.47490625 0.7225138888888889 0.0191796875 0.11823611111111111
2 0.4924921875 0.7285138888888889 0.0198125 0.12225
2 0.4417109375 0.7098055555555556 0.019515625 0.10631944444444444
2 0.42260156249999997 0.7176666666666667 0.021156249999999998 0.11252777777777777
2 0.390125 0.7410555555555555 0.0237421875 0.12231944444444444
2 0.42190625 0.12422222222222222 0.015484375 0.10343055555555555
1 0.5095 0.13968055555555556 0.0210859375 0.044180555555555556
1 0.40717968750000005 0.5867777777777778 0.0195625 0.049472222222222216
1 0.47435937499999997 0.576125 0.021078125 0.04484722222222222
1 0.476171875 0.8320694444444445 0.0231796875 0.04006944444444445
1 0.46654687499999997 0.8931666666666668 0.024203125 0.04002777777777778
1 0.489453125 0.8413333333333333 0.022125 0.025249999999999998