2 0.47490625 0.7225138888888889 0.0191796875 0.11823611111111111
2 0.4924921875 0.7285138888888889 0.0198125 0.12225
2 0.4417109375 0.7098055555555556 0.019515625 0.10631944444444444
2 0.42260156249999997 0.7176666666666667 0.021156249999999998 0.11252777777777777
2 0.390125 0.7410555555555555 0.0237421875 0.12231944444444444
2 0.42475781250000005 0.11408333333333333 0.015484375 0.10343055555555555
1 0.5126328124999999 0.13551388888888888 0.01640625 0.041416666666666664
1 0.40509375 0.5858472222222222 0.0153984375 0.04761111111111111
1 0.4774765625 0.5756666666666667 0.014835937499999998 0.049472222222222216
1 0.476953125 0.8339166666666666 0.021617187500000003 0.054875
1 0.46497656249999997 0.8926944444444445 0.028914062499999997 0.04465277777777778
1 0.4889375 0.8385555555555555 0.016921875 0.030805555555555555