2 0.48933593750000004 0.7043472222222222 0.0191796875 0.11823611111111111
2 0.5039140625 0.7188888888888889 0.016203125 0.11797222222222221
2 0.428015625 0.7144583333333333 0.021156249999999998 0.11252777777777777
2 0.390125 0.7410555555555555 0.0237421875 0.12231944444444444
2 0.4373828125 0.11141666666666666 0.0251015625 0.10236111111111111
1 0.5196562499999999 0.13366666666666666 0.025765624999999997 0.03770833333333333
1 0.41498437499999996 0.5756666666666667 0.0164375 0.049472222222222216
1 0.48372656249999996 0.56225 0.014835937499999998 0.03930555555555556
1 0.48372656249999996 0.8306805555555556 0.0210859375 0.042847222222222224
1 0.4733125 0.8950138888888889 0.026828125 0.043722222222222225
1 0.495703125 0.8366944444444444 0.0158828125 0.03820833333333334