2 0.4392890625 0.10915277777777778 0.027109375 0.10813888888888888
2 0.4339453125 0.7105 0.023203124999999998 0.1098888888888889
2 0.45660156250000006 0.6901111111111111 0.0258046875 0.09876388888888889
2 0.49292968750000005 0.7033194444444444 0.023984375 0.10941666666666666
2 0.3968359375 0.7188333333333332 0.014085937500000001 0.08951388888888889
1 0.52590625 0.1406111111111111 0.025765624999999997 0.04604166666666666
1 0.41420312499999995 0.5682638888888889 0.0242421875 0.04577777777777778
1 0.48971875000000004 0.5617777777777778 0.018484375 0.043930555555555556
1 0.48685156249999995 0.8149444444444445 0.0210859375 0.04470833333333333
1 0.47565625 0.879736111111111 0.022140625 0.052069444444444446
1 0.498828125 0.8311388888888889 0.022132812499999998 0.03820833333333334