2 0.360796875 0.21428571428571427 0.0209609375 0.10644257703081232
2 0.3920390625 0.21008403361344538 0.017828125 0.09803921568627451
2 0.3236875 0.2261904761904762 0.0201875 0.11904761904761904
2 0.331671875 0.5146918767507003 0.024796875 0.10873949579831933
2 0.3665546875 0.47641456582633057 0.025828125 0.07701680672268908
2 0.42853125 0.21925770308123252 0.012734375000000001 0.1061204481792717
2 0.36603906249999996 0.6920448179271709 0.0122890625 0.06008403361344537
2 0.443890625 0.6262324929971989 0.021109375 0.09093837535014007
2 0.44050781250000004 0.49974789915966383 0.01121875 0.0788795518207283
2 0.40457031250000003 0.45448179271708683 0.0206015625 0.0611624649859944
2 0.377234375 0.5819047619047619 0.0059453125 0.06389355742296918
2 0.35926562500000003 0.6141036414565827 0.017499999999999998 0.05547619047619048