2 0.35571875 0.20868347338935575 0.0170546875 0.08683473389355742
2 0.3205625 0.23249299719887956 0.0201875 0.14285714285714285
2 0.3912578125 0.20238095238095238 0.022789062500000002 0.09663865546218488
2 0.42875781249999995 0.2184873949579832 0.0225078125 0.11764705882352941
2 0.30728125 0.20588235294117646 0.0233125 0.12324929971988796
2 0.44946093749999994 0.19327731092436976 0.0170390625 0.12885154061624648
2 0.3276875 0.5226750700280112 0.026671875 0.12484593837535014
2 0.404859375 0.45131652661064425 0.0109453125 0.06778711484593837
2 0.43870312499999997 0.5125910364145658 0.0153828125 0.09966386554621848
2 0.3464296875 0.5071428571428572 0.016359375000000002 0.058515406162464985
2 0.3677421875 0.4718767507002801 0.0111953125 0.05854341736694677
2 0.44456249999999997 0.6309803921568627 0.010234375 0.07943977591036415
2 0.3788671875 0.5961764705882353 0.006742187500000001 0.07533613445378151
2 0.360234375 0.6082212885154061 0.020742187500000002 0.07980392156862745
2 0.3679453125 0.690280112044818 0.015265625 0.07261904761904762