2 0.4234296875 0.21553221288515403 0.018078125 0.12915966386554623
2 0.4410234375 0.6252941176470588 0.0247578125 0.08906162464985995
2 0.330890625 0.5156162464985994 0.032609375 0.11060224089635855
2 0.3217734375 0.22439775910364146 0.0237578125 0.0995798319327731
2 0.35562499999999997 0.21551820728291315 0.016453125 0.09865546218487395
2 0.3899921875 0.21179271708683473 0.022695312500000002 0.12478991596638654
2 0.368640625 0.4703501400560224 0.0174921875 0.05928571428571428
2 0.40796093750000006 0.4591456582633053 0.018 0.08169467787114845
2 0.43764062499999995 0.4974229691876751 0.0148671875 0.06861344537815127
2 0.36603906249999996 0.6953081232492997 0.0122890625 0.049817927170868345
2 0.3876484375 0.6953081232492997 0.0086328125 0.061022408963585434
2 0.361875 0.6131652661064426 0.016453125 0.07600840336134454