2 0.481639175257732 0.3719843342036554 0.0324639175257732 0.06899042645778938
2 0.7049484536082474 0.3793733681462141 0.03803092783505155 0.07518711923411663
2 0.7175257731958763 0.5578764142732812 0.7329896907216494 0.5604873803307223 0.7402061855670103 0.5700609225413403 0.7412371134020619 0.598781549173194 0.7360824742268042 0.6205395996518712 0.7216494845360825 0.6301131418624891 0.7061855670103093 0.6222802436901653 0.6979381443298969 0.6040034812880766 0.702061855670103 0.5674499564838991
2 0.6039247871205267 0.5497083230674661 0.6070175706256813 0.6558876094034104 0.6142340654710421 0.6637205075757342 0.6245433438215576 0.6645908295948812 0.6379454056772277 0.6558876094034104 0.6358835500071246 0.538394136818554 0.6307289108318669 0.5349128487419657 0.6173268489761968 0.538394136818554
2 0.5154639175257731 0.5787641427328112 0.51340206185567 0.6301131418624891 0.5185567010309279 0.6362053959965187 0.5329896907216495 0.6370757180156658 0.5391752577319587 0.6327241079199304 0.5432989690721649 0.6214099216710183 0.5432989690721649 0.577893820713664 0.5391752577319587 0.5691906005221932 0.5288659793814433 0.5648389904264578 0.5195876288659794 0.5700609225413403
2 0.41649484536082476 0.557006092254134 0.4144329896907217 0.6457789382071366 0.41030927835051545 0.65970409051349 0.4195876288659794 0.6701479547432551 0.4309278350515464 0.6753698868581375 0.44329896907216493 0.6657963446475196 0.4484536082474227 0.6553524804177546 0.4515463917525773 0.5622280243690165 0.44948453608247424 0.5517841601392516 0.44329896907216493 0.5448215839860748 0.4247422680412371 0.5500435161009574
2 0.6549484536082474 0.5332463011314187 0.01992783505154639 0.087763272410792
2 0.6894329896907216 0.5029329852045257 0.018680412371134023 0.07750217580504787
2 0.24124742268041235 0.68911227154047 0.027948453608247423 0.06465622280243691
2 0.3019690721649485 0.7403568320278503 0.030402061855670102 0.10019147084421236
2 0.3635257731958763 0.7799390774586596 0.024587628865979382 0.08099216710182768
2 0.6504020618556701 0.8205570060922541 0.030670103092783504 0.10571801566579635
2 0.7076082474226804 0.702532637075718 0.038494845360824745 0.09637075718015665
2 0.28611340206185565 0.4494255874673629 0.04760824742268041 0.07881636205395996
2 0.35655670103092785 0.5639773716275022 0.030402061855670102 0.1164490861618799