2 0.3643984375 0.30325 0.044125 0.16820833333333332
2 0.3049375 0.4799305555555556 0.053679687499999997 0.20370833333333332
2 0.4151640625 0.4884166666666667 0.046718749999999996 0.33487500000000003
2 0.44381250000000005 0.25230555555555556 0.039781250000000004 0.13734722222222223
2 0.5262734375 0.4992361111111111 0.0449609375 0.33487500000000003
2 0.477234375 0.32406944444444447 0.0527890625 0.10184722222222221
2 0.5996171875 0.26080555555555557 0.0371484375 0.10802777777777778
2 0.6386796875 0.33873611111111107 0.0458203125 0.165125
2 0.6130703125 0.5262361111111111 0.05015625 0.21295833333333336
2 0.6810937499999999 0.48306944444444444 0.057609375 0.23095833333333332
2 0.2848125 0.38588888888888884 0.037671875 0.1365972222222222