2 0.322734375 0.5246944444444444 0.042398437500000004 0.20370833333333332
2 0.4355703125 0.5007638888888889 0.0510625 0.3287083333333333
2 0.5557890624999999 0.49383333333333335 0.04496875 0.32098611111111114
2 0.658640625 0.5084861111111111 0.0440859375 0.20833333333333334
2 0.6260859375 0.32022222222222224 0.034546875 0.1743888888888889
2 0.478515625 0.3310277777777778 0.043265625 0.165125
2 0.34703125 0.33179166666666665 0.0389296875 0.18518055555555557
2 0.5679296875000001 0.25540277777777776 0.036289062500000004 0.16204166666666667
2 0.399984375 0.22994444444444445 0.0319765625 0.09259722222222222
2 0.2759453125 0.4895555555555556 0.0508515625 0.22169444444444444
2 0.6993046875 0.4608611111111111 0.041328125 0.20875000000000002