2 0.3643984375 0.3325694444444444 0.044125 0.16820833333333332
2 0.3196953125 0.5169722222222223 0.053679687499999997 0.20370833333333332
2 0.42992187499999995 0.4961388888888889 0.046718749999999996 0.33487500000000003
2 0.44381250000000005 0.25230555555555556 0.039781250000000004 0.13734722222222223
2 0.54103125 0.5054027777777778 0.0449609375 0.33487500000000003
2 0.48678125000000005 0.33795833333333336 0.0527890625 0.10184722222222221
2 0.5996171875 0.26080555555555557 0.0371484375 0.10802777777777778
2 0.6386796875 0.33873611111111107 0.0458203125 0.165125
2 0.6399765625 0.5324027777777778 0.05015625 0.21295833333333336
2 0.6912421875 0.4895416666666667 0.053296875 0.25501388888888893
2 0.28740625 0.4627083333333333 0.048765625 0.21245833333333333