2 0.3975767441860465 0.2860666666666667 0.027869767441860465 0.19060666666666667
2 0.4322418604651163 0.3297466666666667 0.033446511627906975 0.12888
2 0.5791441860465116 0.3089133333333333 0.016893023255813953 0.13049333333333335
2 0.6198186046511628 0.2760533333333333 0.026102325581395348 0.185
2 0.4834 0.6047666666666667 0.035102325581395345 0.27254
2 0.5678186046511627 0.76218 0.036186046511627906 0.2916066666666667
2 0.6022046511627906 0.7450666666666667 0.021074418604651163 0.13955333333333333
2 0.39128837209302325 0.7436466666666667 0.0438093023255814 0.25934666666666667
1 0.5951348837209303 0.4569466666666666 0.049181395348837205 0.07833333333333334
1 0.5928093023255814 0.5297066666666667 0.03522790697674418 0.05718666666666667
1 0.6257488372093023 0.63522 0.04994418604651162 0.10822000000000001
1 0.5839069767441861 0.5835733333333334 0.04305116279069768 0.07826
1 0.42113953488372097 0.5719133333333334 0.03368372093023256 0.0616
1 0.3959488372093023 0.5919066666666667 0.038400000000000004 0.07492