2 0.5661576354679804 0.3322983870967742 0.050591133004926105 0.17798387096774193
2 0.6102955665024631 0.330241935483871 0.03359605911330049 0.17935483870967742
2 0.5763546798029556 0.8502419354838711 0.03699507389162562 0.17935483870967742
2 0.6145812807881774 0.9025403225806452 0.0387192118226601 0.1949193548387097
1 0.3410344827586207 0.2959677419354839 0.09561576354679803 0.10040322580645161
1 0.271871921182266 0.6252016129032258 0.11206896551724138 0.10213709677419354
1 0.2830049261083744 0.8512096774193548 0.07103448275862069 0.08762096774193548
1 0.4624137931034483 0.5527419354838711 0.09206896551724139 0.08971774193548387
1 0.5884729064039409 0.6525403225806452 0.09788177339901478 0.09346774193548386
1 0.6893103448275862 0.7250000000000001 0.08039408866995074 0.09439516129032258
1 0.6576847290640394 0.6381451612903225 0.07334975369458129 0.08774193548387098
2 0.6424137931034483 0.37516129032258067 0.07103448275862069 0.17233870967741935