2 0.460965250965251 0.40376288659793813 0.028764478764478765 0.11742268041237114
2 0.3633976833976834 0.4818041237113402 0.03988416988416989 0.11597938144329897
2 0.30011583011583015 0.6815463917525774 0.04200772200772201 0.10881443298969072
2 0.312972972972973 0.5183505154639175 0.02915057915057915 0.08020618556701031
2 0.3381853281853282 0.3429381443298969 0.03235521235521236 0.06443298969072164
2 0.47864864864864864 0.24912371134020617 0.019111969111969114 0.0572680412371134
2 0.46204633204633205 0.12670103092783505 0.02231660231660232 0.05871134020618557
2 0.4078764478764479 0.2856701030927835 0.021660231660231663 0.06731958762886599
2 0.5821621621621622 0.47463917525773197 0.02444015444015444 0.10453608247422681
2 0.48347490347490346 0.5584020618556701 0.03305019305019305 0.1145360824742268
2 0.4152509652509652 0.4589175257731959 0.02891891891891892 0.08541237113402061