2 0.05077220077220077 0.4896907216494845 0.044903474903474905 0.26061855670103096
2 0.28401544401544404 0.16896907216494847 0.026640926640926644 0.23195876288659795
2 0.7156370656370656 0.4968556701030928 0.07694980694980695 0.21190721649484537
1 0.041003861003861 0.7151546391752578 0.059150579150579155 0.07670103092783506
1 0.04351351351351351 0.7981443298969072 0.034131274131274134 0.07092783505154639
1 0.26942084942084943 0.22938144329896906 0.039768339768339774 0.0788659793814433
1 0.29586872586872587 0.36345360824742273 0.04976833976833977 0.07783505154639175
1 0.40594594594594596 0.29762886597938143 0.04687258687258687 0.07216494845360824
1 0.3123166023166023 0.4164432989690722 0.056911196911196914 0.07494845360824742
1 0.22436293436293436 0.7127319587628866 0.10413127413127413 0.12345360824742267
1 0.25119691119691123 0.777680412371134 0.04386100386100386 0.06742268041237114
1 0.2872972972972973 0.5958247422680413 0.05833976833976834 0.07865979381443299
1 0.45598455598455595 0.6297422680412371 0.04397683397683398 0.0834020618556701
1 0.9603474903474903 0.519020618556701 0.05308880308880309 0.0911340206185567
1 0.9177992277992278 0.6697938144329897 0.049536679536679534 0.10628865979381444
1 0.178996138996139 0.9150515463917527 0.05193050193050193 0.10422680412371134
1 0.7254826254826255 0.9637113402061857 0.051042471042471046 0.06412371134020618