2 0.4927 0.15875 0.0403 0.28345238095238096
2 0.4399333333333333 0.22464285714285714 0.03793333333333333 0.2848809523809524
2 0.3951 0.2671428571428572 0.043500000000000004 0.29619047619047617
2 0.32803333333333334 0.32172619047619044 0.03163333333333333 0.28910714285714284
2 0.27326666666666666 0.3607142857142857 0.0364 0.29619047619047617
2 0.5768 0.1792857142857143 0.033966666666666666 0.3018452380952381
2 0.5085666666666666 0.8071428571428572 0.04666666666666667 0.3444047619047619
2 0.42366666666666664 0.8330357142857142 0.03716666666666667 0.33392857142857146
2 0.3951 0.6667857142857143 0.03873333333333333 0.3188690476190476
2 0.3609666666666667 0.8786904761904762 0.029233333333333333 0.20410714285714285
2 0.5601666666666667 0.8882142857142857 0.039433333333333334 0.2099404761904762