2 0.5131443298969072 0.15084942084942085 0.07025773195876289 0.13297297297297297
2 0.3909793814432989 0.3324710424710425 0.051185567010309276 0.1044015444015444
2 0.26216494845360827 0.3052895752895753 0.060773195876288655 0.1472972972972973
2 0.6926288659793814 0.4869111969111969 0.048144329896907215 0.08722007722007721
2 0.6696907216494845 0.291003861003861 0.05195876288659794 0.07864864864864865
2 0.4368041237113402 0.5055212355212355 0.04737113402061855 0.12154440154440155
2 0.5485051546391753 0.45115830115830113 0.0645360824742268 0.11011583011583011
2 0.19056701030927833 0.5841698841698842 0.05948453608247422 0.11011583011583011
2 0.8080927835051547 0.4147104247104247 0.05680412371134021 0.11725868725868727
2 0.1352061855670103 0.42544401544401544 0.048041237113402066 0.1044015444015444
2 0.5970618556701031 0.1720849420849421 0.06943298969072165 0.14617760617760617
2 0.7173195876288659 0.6654440154440154 0.09175257731958764 0.16467181467181466