2 0.5966666666666667 0.3514880952380952 0.0387 0.1700595238095238
2 0.6319666666666667 0.6391666666666667 0.0351 0.2664285714285714
2 0.7561666666666667 0.09071428571428572 0.025966666666666666 0.1757142857142857
2 0.6649 0.2388095238095238 0.0276 0.17714285714285716
2 0.6503666666666668 0.059404761904761905 0.02983333333333333 0.11880952380952381
1 0.6056666666666666 0.049940476190476195 0.045200000000000004 0.08101190476190476
1 0.7794333333333334 0.2794642857142857 0.0594 0.07523809523809524
1 0.7945333333333334 0.4211904761904762 0.0356 0.09779761904761905
1 0.8014 0.5505952380952381 0.03666666666666667 0.08452380952380951
1 0.8019333333333334 0.6402976190476191 0.04406666666666667 0.10523809523809524
2 0.8231 0.7819642857142858 0.0356 0.1618452380952381
2 0.5527666666666667 0.8145238095238095 0.026166666666666664 0.18732142857142856