2 0.4838405797101449 0.29562841530054645 0.15307971014492755 0.39513661202185796
2 0.1206159420289855 0.5906010928961749 0.06398550724637682 0.24240437158469946
2 0.31478260869565217 0.6634426229508197 0.07880434782608696 0.20879781420765028
2 0.2622826086956522 0.7895628415300547 0.06304347826086956 0.2003825136612022
2 0.20235507246376813 0.903551912568306 0.09369565217391304 0.19295081967213115
2 0.874927536231884 0.4553551912568306 0.08242753623188406 0.21579234972677597
1 0.6093840579710145 0.2140983606557377 0.10007246376811595 0.19043715846994536
1 0.6027173913043478 0.4541530054644809 0.0905072463768116 0.1471584699453552
1 0.5865217391304348 0.8883060109289618 0.10007246376811595 0.15262295081967214
1 0.7809782608695652 0.44169398907103824 0.07710144927536232 0.09923497267759562
1 0.8102173913043479 0.5969945355191257 0.059311594202898554 0.11065573770491803