2 0.47642140468227423 0.3479166666666667 0.03966555183946488 0.22535714285714287
2 0.5007023411371238 0.07154761904761904 0.03247491638795987 0.1431547619047619
2 0.5815384615384616 0.1523809523809524 0.034849498327759194 0.11761904761904762
2 0.6046153846153847 0.44357142857142856 0.026889632107023408 0.13607142857142857
2 0.5564548494983278 0.39398809523809525 0.02769230769230769 0.11339285714285714
2 0.6512040133779264 0.46345238095238095 0.02608695652173913 0.1530357142857143
2 0.32752508361204014 0.47125 0.025351170568561874 0.1261309523809524
2 0.34424749163879603 0.7454761904761904 0.024013377926421404 0.1700595238095238
2 0.33789297658862877 0.6221428571428571 0.03040133779264214 0.05952380952380952
2 0.6466889632107024 0.6979166666666666 0.034180602006688966 0.23178571428571426
2 0.5763879598662207 0.7555357142857143 0.030501672240802673 0.13160714285714287
2 0.5408026755852843 0.8008928571428572 0.023076923076923078 0.12023809523809523