2 0.49786666666666674 0.15732142857142856 0.036333333333333336 0.27779761904761907
2 0.43873333333333336 0.22392857142857142 0.03873333333333333 0.2919642857142857
2 0.3935 0.2735119047619048 0.03556666666666666 0.27208333333333334
2 0.33676666666666666 0.31392857142857145 0.041133333333333334 0.3103571428571429
2 0.2697 0.3479166666666667 0.04986666666666667 0.3103571428571429
2 0.42366666666666664 0.8323214285714287 0.03716666666666667 0.335297619047619
2 0.5109333333333334 0.8269642857142857 0.043500000000000004 0.3386904761904762
2 0.36333333333333334 0.8850595238095238 0.014933333333333335 0.21964285714285714
2 0.3994666666666667 0.6611309523809523 0.03476666666666667 0.3273809523809524
2 0.5740333333333334 0.18851190476190477 0.029966666666666666 0.3117857142857143
2 0.5596333333333333 0.8933928571428572 0.0357 0.19196428571428573