2 0.34994845360824745 0.1866023166023166 0.04927835051546392 0.08436293436293436
2 0.4291752577319588 0.19664092664092664 0.06262886597938144 0.11583011583011583
2 0.5122164948453608 0.20664092664092665 0.049226804123711346 0.08436293436293436
2 0.3394329896907216 0.34891891891891896 0.04355670103092783 0.10583011583011583
2 0.30701030927835055 0.494054054054054 0.06262886597938144 0.13872586872586873
2 0.39958762886597937 0.479034749034749 0.0645360824742268 0.1372972972972973
2 0.4654639175257732 0.479034749034749 0.039690721649484534 0.12297297297297298
2 0.5131958762886598 0.48764478764478764 0.028247422680412373 0.13154440154440156
2 0.36902061855670104 0.6327799227799227 0.03402061855670103 0.13297297297297297
2 0.3260824742268041 0.6327799227799227 0.04355670103092783 0.09868725868725868
2 0.4310824742268041 0.6256370656370656 0.020618556701030927 0.11868725868725868
2 0.5151030927835052 0.33606177606177606 0.039690721649484534 0.09436293436293437
2 0.2697938144329897 0.2052123552123552 0.04164948453608248 0.07293436293436294
2 0.2831443298969072 0.34104247104247104 0.03783505154639175 0.1044015444015444
2 0.23350515463917523 0.6234749034749034 0.03402061855670103 0.07722007722007722
2 0.50840206185567 0.6227799227799228 0.02252577319587629 0.07293436293436294
2 0.5389175257731958 0.6098841698841699 0.033969072164948454 0.06722007722007722