2 0.306448087431694 0.37483636363636363 0.08158469945355191 0.2209818181818182
2 0.4745901639344262 0.35454545454545455 0.03530054644808743 0.12447272727272726
1 0.6138251366120219 0.45647272727272725 0.13557377049180327 0.09774545454545454
1 0.6669945355191257 0.5882181818181818 0.12879781420765027 0.10530909090909091
1 0.44672131147540983 0.2757090909090909 0.07846994535519125 0.05421818181818182
1 0.5688524590163934 0.2610181818181818 0.07393442622950819 0.06250909090909092
1 0.34224043715846997 0.20232727272727272 0.09934426229508196 0.05672727272727272
1 0.4492896174863388 0.16836363636363635 0.07792349726775956 0.048836363636363636
1 0.5575409836065573 0.19207272727272728 0.07393442622950819 0.0510909090909091
1 0.470327868852459 0.47058181818181816 0.08327868852459017 0.05450909090909091
1 0.5182513661202186 0.8067636363636365 0.0801639344262295 0.06261818181818181
1 0.6250273224043715 0.7738181818181818 0.07027322404371585 0.053200000000000004
1 0.6477595628415301 0.9383272727272728 0.07901639344262296 0.058509090909090906