2 0.4778350515463918 0.20876447876447876 0.06144329896907216 0.12583011583011583
2 0.4005670103092783 0.3482239382239382 0.03211340206185567 0.1415830115830116
2 0.4682989690721649 0.32961389961389964 0.03778350515463918 0.13297297297297297
2 0.5704123711340205 0.22806949806949808 0.054948453608247426 0.10154440154440154
2 0.3127319587628866 0.22664092664092667 0.06262886597938144 0.13011583011583014
2 0.3118041237113402 0.3782239382239382 0.06525773195876289 0.1472972972972973
1 0.35850515463917526 0.5184942084942085 0.08 0.05490347490347491
1 0.5283505154639175 0.566988416988417 0.06278350515463918 0.05289575289575289
1 0.5514432989690722 0.7184169884169884 0.06938144329896907 0.0627027027027027
1 0.5547422680412372 0.8183783783783785 0.08391752577319589 0.06065637065637066
1 0.37371134020618557 0.6486486486486487 0.054896907216494845 0.05976833976833977