2 0.4296632653061224 0.37672212978369385 0.014397959183673469 0.09093178036605656
2 0.45091836734693874 0.3543594009983361 0.018153061224489796 0.06725457570715475
2 0.4667959183673469 0.4045757071547421 0.011153061224489795 0.08608985024958403
2 0.47082653061224494 0.3381198003327787 0.012775510204081632 0.08569051580698835
2 0.48292857142857143 0.3080865224625624 0.01760204081632653 0.0879034941763727
2 0.49342857142857144 0.1940432612312812 0.009530612244897959 0.059900166389351084
2 0.47405102040816327 0.21048252911813645 0.012765306122448979 0.05856905158069884
2 0.47996938775510206 0.10500831946755408 0.011693877551020408 0.06083194675540766
2 0.5196530612244897 0.06750415973377703 0.0151734693877551 0.0832279534109817
2 0.5804489795918367 0.36881863560732114 0.01407142857142857 0.09093178036605656
2 0.543734693877551 0.13286189683860233 0.013275510204081633 0.066522462562396